﻿"SIMULASI MONTE CARLO UNTUK MEMPREDIKSI  
JUMLAH KUNJUNGAN PASIEN RAWAT INAP DI RUMAH SAKIT GUNUNG JATI KOTA CIREBON",,,,,,,,,,,,,,,,,,,,,,,,,,,,,,,,
,,,,,,,,,,,,,,,,,,,,,,,,,,,,,,,,
id,tahun,bulan,Angka Acak,,,,,,Simulasi,,,,,,Variabel Turunan 1: Selisih Jumlah,,,,,,Variabel Turunan 2: Tren Kunjungan,,,,,,Variabel Turunan 3: Persentase Perubahan Bulanan,,,,,
,,,Kota Cirebon,Kab. Cirebon,Kuningan,Indramayu,Majalengka,Lain-lain,Kota Cirebon,Kab. Cirebon,Kuningan,Indramayu,Majalengka,Lain-lain,Kota Cirebon,Kab. Cirebon,Kuningan,Indramayu,Majalengka,Lain-lain,Kota Cirebon,Kab. Cirebon,Kuningan,Indramayu,Majalengka,Lain-lain,Kota Cirebon,Kab. Cirebon,Kuningan,Indramayu,Majalengka,Lain-lain
1,2021,Januari,79,5,27,100,32,22,482,586,52,1297,53,41,-,-,-,-,-,-,-,-,-,-,-,-,-,-,-,-,-,-
2,2021,Februari,9,5,55,59,6,29,342,542,125,225,67,65,-140,-44,73,-1072,14,24,Turun,Turun,Naik,Turun,Naik,Naik,-29%,-8%,140%,-83%,26%,59%
3,2021,Maret,9,94,60,73,93,77,310,1223,142,129,100,109,-32,681,17,-96,33,44,Turun,Naik,Naik,Turun,Naik,Naik,-9%,126%,14%,-43%,49%,68%
4,2021,April,38,78,83,25,100,12,378,1050,143,116,262,58,68,-173,1,-13,162,-51,Naik,Turun,Naik,Turun,Naik,Turun,22%,-14%,1%,-10%,162%,-47%
5,2021,Mei,37,8,85,63,10,83,412,571,184,122,65,107,34,-479,41,6,-197,49,Naik,Turun,Naik,Naik,Turun,Naik,9%,-46%,29%,5%,-75%,84%
6,2021,Juni,63,96,7,51,15,60,493,1246,65,142,45,98,81,675,-119,20,-20,-9,Naik,Naik,Turun,Naik,Turun,Turun,20%,118%,-65%,16%,-31%,-8%
7,2021,Juli,48,70,2,20,38,39,454,1136,60,56,41,85,-39,-110,-5,-86,-4,-13,Turun,Turun,Turun,Turun,Turun,Turun,-8%,-9%,-8%,-61%,-9%,-13%
8,2021,Agustus,23,76,37,81,42,37,383,1169,116,205,68,69,-71,33,56,149,27,-16,Turun,Naik,Naik,Naik,Naik,Turun,-16%,3%,93%,266%,66%,-19%
9,2021,September,9,88,28,86,65,85,330,1284,70,227,53,103,-53,115,-46,22,-15,34,Turun,Naik,Turun,Naik,Turun,Naik,-14%,10%,-40%,11%,-22%,49%
10,2021,Oktober,92,62,34,91,90,53,637,989,109,195,77,72,307,-295,39,-32,24,-31,Naik,Turun,Naik,Turun,Naik,Turun,93%,-23%,56%,-14%,45%,-30%
11,2021,November,87,5,33,33,30,44,556,493,53,198,69,80,-81,-496,-56,3,-8,8,Turun,Turun,Turun,Naik,Turun,Naik,-13%,-50%,-51%,2%,-10%,11%
12,2021,Desember,49,83,15,93,67,11,444,1067,83,140,75,64,-112,574,30,-58,6,-16,Turun,Naik,Naik,Turun,Naik,Turun,-20%,116%,57%,-29%,9%,-20%
13,2022,Januari,73,22,43,37,52,64,506,543,97,199,72,68,62,-524,14,59,-3,4,Naik,Turun,Naik,Naik,Turun,Naik,14%,-49%,17%,42%,-4%,6%
14,2022,Februari,41,31,52,27,12,57,413,712,85,85,44,96,-93,169,-12,-114,-28,28,Turun,Naik,Turun,Turun,Turun,Naik,-18%,31%,-12%,-57%,-39%,41%
15,2022,Maret,63,35,46,77,54,71,498,758,88,77,71,77,85,46,3,-8,27,-19,Naik,Naik,Naik,Turun,Naik,Turun,21%,6%,4%,-9%,61%,-20%
16,2022,April,62,47,18,27,34,31,498,771,70,162,61,54,0,13,-18,85,-10,-23,Stabil,Naik,Turun,Naik,Turun,Turun,0%,2%,-20%,110%,-14%,-30%
17,2022,Mei,23,50,42,13,1,14,385,888,119,84,49,48,-113,117,49,-78,-12,-6,Turun,Naik,Naik,Turun,Turun,Turun,-23%,15%,70%,-48%,-20%,-11%
18,2022,Juni,78,18,32,88,58,22,512,627,56,64,45,33,127,-261,-63,-20,-4,-15,Naik,Turun,Turun,Turun,Turun,Turun,33%,-29%,-53%,-24%,-8%,-31%
19,2022,Juli,48,48,53,53,39,66,450,897,94,111,47,77,-62,270,38,47,2,44,Turun,Naik,Naik,Naik,Naik,Naik,-12%,43%,68%,73%,4%,133%
20,2022,Agustus,4,70,21,31,94,32,294,1114,77,166,96,41,-156,217,-17,55,49,-36,Turun,Naik,Turun,Naik,Naik,Turun,-35%,24%,-18%,50%,104%,-47%
21,2022,September,90,48,20,40,54,74,573,852,51,150,70,86,279,-262,-26,-16,-26,45,Naik,Turun,Turun,Turun,Turun,Naik,95%,-24%,-34%,-10%,-27%,110%
22,2022,Oktober,59,8,35,13,67,77,443,491,119,197,81,108,-130,-361,68,47,11,22,Turun,Turun,Naik,Naik,Naik,Naik,-23%,-42%,133%,31%,16%,26%
23,2022,November,97,8,51,94,43,25,633,569,117,185,71,50,190,78,-2,-12,-10,-58,Naik,Naik,Turun,Turun,Turun,Turun,43%,16%,-2%,-6%,-12%,-54%
24,2022,Desember,86,83,2,65,49,59,551,1134,76,73,44,98,-82,565,-41,-112,-27,48,Turun,Naik,Turun,Turun,Turun,Naik,-13%,99%,-35%,-61%,-38%,96%
25,2023,Januari,15,6,78,14,57,69,324,533,151,191,63,74,-227,-601,75,118,19,-24,Turun,Turun,Naik,Naik,Naik,Turun,-41%,-53%,99%,162%,43%,-24%
26,2023,Februari,15,92,32,85,55,79,354,1272,60,184,52,133,30,739,-91,-7,-11,59,Naik,Naik,Turun,Turun,Turun,Naik,9%,139%,-60%,-4%,-17%,80%
27,2023,Maret,72,62,12,47,100,55,497,978,61,175,266,68,143,-294,1,-9,214,-65,Naik,Turun,Naik,Turun,Naik,Turun,40%,-23%,2%,-5%,412%,-49%
28,2023,April,25,9,81,58,77,27,387,513,151,74,89,44,-110,-465,90,-101,-177,-24,Turun,Turun,Naik,Turun,Turun,Turun,-22%,-48%,148%,-58%,-67%,-35%
29,2023,Mei,51,63,36,5,38,66,469,992,92,76,72,71,82,479,-59,2,-17,27,Naik,Naik,Turun,Naik,Turun,Naik,21%,93%,-39%,3%,-19%,61%
30,2023,Juni,64,47,3,100,42,73,485,805,76,1271,44,96,16,-187,-16,1195,-28,25,Naik,Turun,Turun,Naik,Turun,Naik,3%,-19%,-17%,1572%,-39%,35%
31,2023,Juli,75,71,82,100,78,40,517,1162,135,1187,90,93,32,357,59,-84,46,-3,Naik,Naik,Naik,Turun,Naik,Turun,7%,44%,78%,-7%,105%,-3%
32,2023,Agustus,67,78,71,62,37,77,495,1174,154,233,47,130,-22,12,19,-954,-43,37,Turun,Naik,Naik,Turun,Turun,Naik,-4%,1%,14%,-80%,-48%,40%
33,2023,September,98,16,13,52,69,37,624,524,54,102,75,71,129,-650,-100,-131,28,-59,Naik,Turun,Turun,Turun,Naik,Turun,26%,-55%,-65%,-56%,60%,-45%
34,2023,Oktober,49,21,99,13,80,79,461,510,270,58,91,129,-163,-14,216,-44,16,58,Turun,Turun,Naik,Turun,Naik,Naik,-26%,-3%,400%,-43%,21%,82%
35,2023,November,27,26,26,20,54,82,366,649,66,205,60,100,-95,139,-204,147,-31,-29,Turun,Naik,Turun,Naik,Turun,Turun,-21%,27%,-76%,253%,-34%,-22%
36,2023,Desember,62,66,53,24,58,67,490,1033,97,163,49,99,124,384,31,-42,-11,-1,Naik,Naik,Naik,Turun,Turun,Turun,34%,59%,47%,-20%,-18%,-1%
37,2024,Januari,2,73,43,88,10,63,293,1068,106,228,68,86,-197,35,9,65,19,-13,Turun,Naik,Naik,Naik,Naik,Turun,-40%,3%,9%,40%,39%,-13%
38,2024,Februari,29,94,18,15,38,73,385,1267,63,102,61,94,92,199,-43,-126,-7,8,Naik,Naik,Turun,Turun,Turun,Naik,31%,19%,-41%,-55%,-10%,9%
39,2024,Maret,45,97,48,43,87,40,444,1425,109,153,77,68,59,158,46,51,16,-26,Naik,Naik,Naik,Naik,Naik,Turun,15%,12%,73%,50%,26%,-28%
40,2024,April,1,58,43,9,46,78,266,960,115,189,50,103,-178,-465,6,36,-27,35,Turun,Turun,Naik,Naik,Turun,Naik,-40%,-33%,6%,24%,-35%,51%
41,2024,Mei,94,26,49,21,86,43,600,712,91,88,97,76,334,-248,-24,-101,47,-27,Naik,Turun,Turun,Turun,Naik,Turun,126%,-26%,-21%,-53%,94%,-26%
42,2024,Juni,53,49,34,52,29,46,467,848,88,177,65,70,-133,136,-3,89,-32,-6,Turun,Naik,Turun,Naik,Turun,Turun,-22%,19%,-3%,101%,-33%,-8%
43,2024,Juli,93,27,91,62,66,85,624,663,176,125,93,118,157,-185,88,-52,28,48,Naik,Turun,Naik,Turun,Naik,Naik,34%,-22%,100%,-29%,43%,69%
44,2024,Agustus,3,36,48,77,59,69,265,732,111,154,53,98,-359,69,-65,29,-40,-20,Turun,Naik,Turun,Naik,Turun,Turun,-58%,10%,-37%,23%,-43%,-17%
45,2024,September,60,66,66,45,19,72,440,1041,127,195,53,84,175,309,16,41,0,-14,Naik,Naik,Naik,Naik,Stabil,Turun,66%,42%,14%,27%,0%,-14%
46,2024,Oktober,33,14,91,36,65,21,413,554,168,162,73,38,-27,-487,41,-33,20,-46,Turun,Turun,Naik,Turun,Naik,Turun,-6%,-47%,32%,-17%,38%,-55%
47,2024,November,60,90,6,78,78,24,464,1205,51,227,89,33,51,651,-117,65,16,-5,Naik,Naik,Turun,Naik,Naik,Turun,12%,118%,-70%,40%,22%,-13%
48,2024,Desember,82,60,56,3,46,76,575,996,124,105,67,124,111,-209,73,-122,-22,91,Naik,Turun,Naik,Turun,Turun,Naik,24%,-17%,143%,-54%,-25%,276%
